M422.21,378.98 Q129.46,255.64 202.47,391.9 Q179.02,445.83 109.22,69.64 Q69.87,47.42 399.7,493.63 C405.11,451.08 155.07,364.92 449.42,341.99 C236.07,50.35 217.09,305.44 456.51,483.3 C238.5,432.65 130.25,402.51 274.35,7.02
M67.18,423.72 L58.96,380.48 L236.12,189.81 L243.93,446.66 Q303.72,383.58 347.92,133.17 Q400.91,295.58 51.11,158.71 L324.77,4.6 Q108.3,211.06 14.52,110.85 Q218.94,247.91 116.54,115.43 Q109.39,229.8 144.89,10.74
M478.02,473.91 L42.44,417.75 C426.92,125.79 106.11,17.87 340.62,499.86 C319.24,401.83 430.12,254.53 186.03,467.86 C251.03,450.6 435.52,182.01 465.92,453.88
M118.98,272.11 Q237.03,290.43 302.8,454.41 Q234.62,275.39 95.87,358.57 Q270.49,274.82 198.57,430.51 L75.81,462.92 L194.97,7.57 L388.62,79.7 C150.63,15.51 432.76,236.37 359.41,439.41
M118.02,51.58 Q77.49,33.26 200.8,458.98 Q400.23,382.58 110.96,268.34 Q413.44,130.86 471.48,12.82 C400.22,96.72 154.92,313.49 365.95,427.32 C440.03,43.36 302.93,335.85 252.98,88.9 Q44.67,467.29 432.74,273.82 Q150.12,454.44 286.18,441.16 C206.97,299.46 215.52,80.66 152.56,406.3 Z
M311.45,370.89 C326.02,265.02 420.17,387.98 124.53,25.93 C78.43,185.9 434.22,190.38 50.99,124.67 C365.59,204.08 91.04,433.73 194.72,380.96 L308.96,222.42 Z
M396.67,410.98 Q18.41,72.79 293.24,482.76 Q367.42,159.69 10.94,244.42 L436.25,455.29 L269.63,47.11 L281.71,349.76
M161.92,75.42 C36.22,267.94 182.84,29.0 253.72,18.75 Q34.93,45.36 212.26,413.43 Q61.9,111.62 313.72,473.85
M113.35,481.15 L352.41,42.59 L104.7,320.93 L229.57,226.57 L247.49,96.12 Q242.55,379.51 350.58,260.09 Q363.0,331.48 48.58,407.12 Q193.18,414.77 53.86,29.03 L43.03,451.7 L258.41,103.96 L404.2,303.36
M231.5,186.66 L433.28,3.22 C449.15,40.41 277.14,308.33 20.45,189.51 C351.74,226.01 362.53,78.58 119.01,55.47
M285.7,214.44 C103.05,406.66 411.79,326.74 80.11,260.33 Q125.0,476.41 498.28,22.28
M226.19,279.89 Q253.92,293.69 92.33,255.95 Q314.94,396.49 47.06,151.7 L404.82,346.72 L20.94,491.1 L482.38,326.96 C78.75,7.5 264.19,29.78 95.1,120.97 C15.04,231.97 220.27,421.21 259.56,320.15 C249.89,331.22 228.66,139.08 498.83,497.85 L127.0,379.0 L256.44,14.88 L281.57,53.96 Z
M237.29,328.74 C71.3,5.43 187.38,137.02 405.17,345.3 C300.73,279.1 330.66,72.65 220.03,81.13 L288.11,99.82 C409.62,340.72 398.94,43.68 459.45,409.83 C331.02,111.62 494.73,211.9 221.87,330.43 C485.66,269.75 441.01,279.08 488.08,442.79 C253.62,41.8 303.72,334.07 234.8,304.65
M129.5,342.63 C326.0,333.09 434.62,320.48 93.69,35.41 L147.33,215.79 L418.83,304.2 L7.22,137.92 Z
M53.41,351.29 C470.18,135.56 127.89,367.03 329.23,151.49 C342.12,198.34 388.76,59.2 111.63,450.73 C179.02,130.2 402.14,315.83 74.85,275.67 C82.47,325.85 61.51,168.53 41.6,102.21 C489.0,201.84 495.22,219.32 303.77,436.3 C289.39,318.71 182.13,432.42 373.5,243.31 C135.42,312.06 242.37,140.66 127.31,60.59
M482.62,5.83 C79.01,493.17 8.44,439.75 340.68,428.67 Q58.56,233.16 177.87,196.14 Q467.52,103.18 177.58,156.69 Q255.68,115.69 227.77,209.94 Q39.48,282.35 179.98,284.81 Q465.11,322.79 202.55,431.79
M180.76,240.24 Q223.38,204.76 328.85,129.43 C5.06,151.02 167.53,70.98 371.71,155.05 L126.75,446.77 L403.82,333.71 L13.68,228.39 C148.11,112.17 154.9,129.12 393.91,173.89 C211.56,321.51 474.19,146.51 22.0,486.94 C416.29,395.17 261.69,117.4 77.25,152.12 Q32.87,349.64 363.94,6.53 Q421.21,245.77 459.38,237.54
M260.99,403.35 Q87.34,352.57 270.09,139.14 Q458.75,124.45 407.59,209.78 C320.26,342.22 362.14,68.77 275.59,69.94 C395.81,98.28 441.4,266.43 400.9,342.92 Q61.75,357.79 34.59,204.84 Q253.64,429.37 320.09,299.97 Q341.31,204.34 253.04,168.19 Q285.85,448.44 369.44,25.15 Q238.62,290.04 2.58,202.73 L106.92,124.28 L478.68,29.06 L32.12,137.74
M90.63,330.72 Q98.97,244.76 247.02,239.89 Q98.06,449.62 59.0,261.05 Q381.22,87.17 483.57,405.54 L100.11,182.77
M338.56,392.46 C255.75,196.77 498.41,144.68 74.13,130.54 Q163.68,133.96 53.82,162.75 Q155.53,284.62 100.82,35.39 L271.22,194.28 C401.53,207.22 49.68,364.0 377.83,198.03 C285.37,251.15 79.26,318.54 203.2,387.35 C288.3,53.86 103.66,95.76 67.33,246.65
M452.82,343.13 L337.0,424.67 L50.76,163.71 L205.76,496.92 L159.57,475.02 Q104.33,158.45 454.32,167.78 Q213.69,313.84 402.79,246.06 L286.6,17.55 Z
M82.47,344.88 C239.55,108.01 396.32,403.93 256.23,252.54 C118.03,1.59 185.52,292.68 34.63,396.88 L346.96,218.43 C307.95,17.04 164.46,248.78 57.9,475.98 C184.22,77.41 408.75,62.44 463.97,226.56
M479.1,70.18 L499.32,92.13 L60.3,325.71 L172.82,444.78 L479.74,159.73 L300.57,466.04 C461.92,354.06 24.22,440.68 294.78,155.34 C95.07,424.9 291.41,468.99 386.98,480.6 C283.16,349.19 306.16,129.21 478.36,156.24 C71.11,412.61 333.75,92.51 24.56,265.91 C16.13,462.54 253.14,258.66 204.72,330.5 C458.23,153.65 186.89,291.3 148.66,297.82
M462.43,474.3 L296.01,211.87 C65.15,96.0 222.29,110.52 227.52,12.38 C42.89,355.0 210.62,256.32 367.1,179.5 L391.55,294.56 C310.5,485.37 181.4,379.89 184.34,286.02 C286.49,407.14 88.82,241.54 395.75,337.86 C81.79,399.5 266.79,336.68 260.03,291.15 Z
M356.17,419.9 L499.14,97.05 C45.89,378.87 75.65,353.28 362.22,382.97 C220.69,432.89 493.95,57.8 258.45,479.08 C369.57,222.1 152.3,476.52 42.56,380.28 C340.6,480.12 37.25,324.49 330.38,16.63 L169.46,371.51 L155.39,122.99 C409.58,495.99 429.86,133.21 371.39,462.33 Z
M188.48,463.39 L465.49,152.38 Q429.02,378.69 17.36,282.37 L429.32,287.95 L364.49,98.57 L481.74,472.62 Q274.39,256.87 262.33,441.66 C49.11,291.39 207.21,94.7 80.47,230.37 C35.18,281.54 257.46,63.54 437.58,20.26 C86.04,408.59 110.41,212.11 279.79,217.78
M373.65,101.38 L300.38,28.38 L388.16,382.21 L341.7,251.37 L317.72,476.87 L493.38,204.57 L485.88,14.4 L468.95,111.14 L64.71,298.73 Q121.82,292.07 15.19,368.51 Q422.34,268.35 254.75,322.19 Q328.7,156.81 159.59,333.04 Q216.01,346.54 28.1,475.49 Q98.69,312.12 433.46,303.56 Z
M324.25,350.68 Q36.97,127.2 269.78,126.46 Q123.92,119.91 410.67,364.87
M56.48,65.43 C89.02,66.25 232.05,208.78 106.66,195.84 C421.13,65.55 93.79,13.9 119.94,47.49 C492.37,157.28 494.51,64.72 452.0,253.23 C331.11,135.34 116.28,339.73 65.71,6.62 C385.53,316.52 130.06,260.17 454.96,139.45 C61.91,208.62 83.77,184.05 16.31,381.87
M274.06,172.92 C43.37,463.63 196.46,9.33 16.17,423.71 C326.1,401.54 42.76,248.94 458.73,271.13 C223.6,85.22 216.96,204.03 396.36,281.3 L336.92,149.19 L255.95,109.93 L205.38,393.06 C376.16,378.37 293.55,322.58 198.64,308.98
M269.54,144.6 L326.82,105.0 L128.64,198.6 L320.79,494.41 Q496.74,496.29 121.34,36.32 Z
M6.14,56.2 Q341.93,69.35 56.22,115.9 L490.86,16.56 L115.58,366.19 C102.46,296.54 59.07,385.12 443.83,170.77 C102.96,195.97 298.43,123.28 361.99,208.17 C30.03,25.78 89.95,67.37 73.81,398.03 C188.21,43.06 265.62,219.34 404.44,103.87 C216.2,183.74 165.32,409.41 241.05,131.7 Z
M38.71,106.81 Q450.11,248.13 360.12,50.12 Q254.46,421.54 261.4,472.35 Q440.9,185.48 0.37,377.63 L4.71,365.34 L421.42,418.29 L476.72,100.84 L60.38,488.87 L55.96,79.77 L24.67,19.13 L176.52,81.63 Q464.41,83.74 407.18,369.18 Q284.26,287.85 385.07,293.55 Q114.65,164.74 122.01,200.32
M285.16,316.12 Q325.93,445.41 454.41,93.26 Q325.86,308.56 251.7,483.1 C222.63,471.78 317.81,150.65 154.63,248.05 C26.3,303.79 367.93,213.07 423.29,463.99 C122.81,432.28 159.66,443.83 497.6,495.26 C33.11,182.92 326.76,384.78 256.4,160.05 C176.94,329.25 277.52,194.52 343.71,439.59 Q373.68,279.83 61.92,74.47 Q59.83,158.28 28.8,137.7 Q101.45,96.42 326.86,228.9 Q294.81,227.14 430.47,243.05 Q4.85,189.88 378.94,180.77
M264.47,292.87 L441.09,182.35 L477.75,170.57 L292.02,411.27 L173.54,0.73 L77.48,261.92
M274.35,375.27 C432.52,142.95 482.79,283.37 373.69,377.45 C464.6,137.06 183.31,358.67 292.65,375.18 Q477.62,5.64 360.84,187.27 L337.54,25.79 L117.33,162.49 L82.07,36.81 L423.04,41.53 Z
M164.35,491.61 Q0.2,313.49 123.82,365.22 Q280.04,271.39 288.08,413.67 Q490.77,172.77 403.05,444.63
M341.0,45.8 C420.96,417.28 257.51,315.52 184.61,264.01 C53.93,341.47 300.33,140.96 189.29,368.07 C221.94,479.81 485.63,419.18 45.51,37.58 Q324.12,216.18 293.9,183.08 Q352.59,485.21 403.55,309.7
M319.74,214.51 C33.12,348.93 187.47,304.02 85.05,172.28 Q164.74,363.3 236.53,481.4 Q291.42,111.65 306.4,264.02 Q70.41,263.42 5.84,187.2
M104.93,192.7 L197.8,281.34 C338.35,355.2 479.45,13.55 337.4,423.71 C183.12,53.98 173.92,395.02 48.55,195.81
M229.3,438.93 L141.21,480.9 C64.19,174.19 439.87,220.38 14.32,448.09 L320.63,309.79 Q88.28,302.37 56.8,482.8 Z
M190.51,115.36 L288.97,345.07 L276.53,191.77 C4.66,124.54 498.92,9.17 474.4,493.33 C489.99,159.44 128.76,345.6 291.89,59.91 C293.88,216.3 140.92,367.42 36.36,180.1
M319.71,12.51 Q111.61,368.24 338.35,446.09 L210.96,14.9 L109.32,252.68 L13.27,99.42
M19.28,348.11 L184.94,349.22 L48.14,299.4 C257.04,288.31 312.25,473.55 443.25,475.36 Q28.86,53.65 62.28,76.73 L417.25,64.35 L193.43,489.1 L135.97,90.92 L289.63,93.31 Z
M204.27,270.99 L189.78,144.78 L284.34,50.09 C494.75,346.76 189.21,202.52 345.65,163.06 C36.78,420.76 308.61,56.0 35.03,47.31 C479.46,53.86 312.66,484.78 17.5,192.94
M135.94,244.01 L169.37,36.17 L5.52,141.93 L427.71,324.65 L449.56,33.32 Q77.06,496.29 380.37,214.19 Q306.46,71.4 28.6,16.08 Q160.33,178.27 362.6,160.01
M444.13,200.0 C429.89,114.27 257.86,291.87 473.6,16.09 C34.47,160.04 412.55,421.57 67.7,459.77 C263.88,483.95 467.26,46.46 487.18,239.37 L232.8,37.16 L374.44,272.21 Z
M175.92,215.09 Q171.73,256.22 196.21,20.45 Q209.27,11.83 51.23,131.9 Q482.79,240.78 273.34,458.7 Q213.85,118.87 256.98,221.11 Q121.02,280.47 358.37,176.73 Q170.96,287.55 97.99,394.3 C62.75,48.97 289.18,254.15 406.49,48.55
M274.08,65.95 C151.13,469.16 96.36,380.99 82.82,483.04 C436.8,53.76 324.66,109.02 255.8,425.16 C77.46,108.55 36.66,31.75 249.44,81.52 L349.07,145.88 Q168.88,420.81 135.96,324.03 Q467.89,285.57 141.46,69.09 Q326.4,87.81 200.88,407.59
M33.44,206.62 L376.06,255.64 L24.84,22.4 C77.17,366.87 315.22,252.14 427.9,301.28 C286.68,200.04 124.37,68.99 211.62,188.03 Q327.68,480.93 307.47,26.16 Q206.43,272.14 307.05,324.85 L127.51,297.87 L159.22,243.78 L111.1,127.59
M248.77,133.09 C346.27,383.45 165.02,269.25 112.2,278.35 L412.64,489.86 L159.67,94.48 Q446.59,214.43 44.48,463.63 Q32.0,301.96 167.13,345.29 Q416.4,2.86 168.72,399.38 Q492.09,100.54 221.36,453.1 Q290.59,63.31 311.54,267.06 Q61.41,341.17 445.0,482.29 L393.76,271.9 L213.46,258.76 L265.91,337.01
M121.76,251.1 L410.61,115.7 C463.18,198.69 483.93,365.74 274.06,314.46 C293.03,180.11 498.36,201.95 491.92,426.29 L129.1,238.88 L407.3,88.82 L307.92,183.6 C382.14,14.74 478.18,83.99 6.41,30.3 Z
M489.18,27.26 C241.93,470.86 203.43,459.62 79.57,497.39 C206.49,91.57 173.05,315.4 17.1,193.59 C5.55,34.68 85.15,115.31 137.18,389.07 Q428.72,449.25 447.6,473.84
M308.57,445.07 Q355.7,468.49 260.28,366.92 Q364.02,429.09 18.4,84.65 Q498.49,373.4 130.5,371.22 L180.12,220.46 L69.1,253.77 C255.78,201.62 470.64,166.14 76.61,392.78 C276.52,193.55 494.72,328.5 77.64,25.9
M456.82,68.74 C241.51,479.49 190.19,223.25 288.69,191.05 C455.95,439.28 361.87,28.0 494.88,274.45 C271.06,257.88 465.36,136.58 71.21,499.83 Q492.11,293.33 18.53,338.6 Q181.08,0.21 363.98,85.04 C189.47,471.74 12.94,104.02 190.23,88.44 Q122.26,298.47 323.43,278.49
M45.17,475.32 L151.34,39.83 L91.88,44.25 L457.99,461.17 C270.29,193.95 202.87,359.55 214.45,267.1 C315.47,316.26 20.51,115.31 352.88,285.17 L189.32,44.29 C214.11,113.32 102.63,85.05 165.15,4.16 C412.95,205.08 162.39,309.54 120.24,87.59 C82.05,154.54 81.03,104.68 318.16,413.64 C412.85,292.93 370.57,199.7 328.79,39.43 C28.03,350.45 130.33,157.06 62.75,299.87
M482.96,279.88 Q261.64,383.83 494.3,210.28 Q115.47,187.34 33.85,321.61 Q496.3,103.61 379.52,105.46 C68.41,339.95 463.95,192.72 123.33,47.0 C97.99,109.37 92.35,192.5 445.78,491.42 C390.04,262.67 90.23,87.84 274.8,367.86 Q328.82,17.42 184.55,436.64 C263.12,49.31 249.1,338.81 238.19,185.86 C274.95,342.88 341.18,105.95 171.79,348.78 C71.36,95.53 70.57,125.79 4.86,65.08
M21.28,294.84 L257.06,488.32 Q318.02,441.99 9.84,367.82 Q258.35,302.17 188.99,488.49 C292.5,242.89 127.09,323.79 69.69,71.26 C190.17,496.65 406.5,467.12 255.47,88.4 C215.32,287.81 257.72,118.68 450.54,139.34 C207.6,6.42 228.8,10.02 194.18,308.67
M290.38,102.86 C20.6,224.7 176.72,143.96 438.46,483.37 C141.96,290.0 6.21,106.74 377.01,226.15 C329.87,329.97 30.92,391.62 388.86,150.94 Z
M112.09,466.32 Q68.08,149.96 11.63,310.84 Q242.48,450.51 148.82,78.63 Q291.28,494.14 88.2,499.54 C50.57,320.33 423.15,152.59 22.51,374.15 C482.84,126.57 44.45,289.21 422.45,324.13 C52.94,169.56 63.87,202.32 389.19,226.2 C268.2,113.13 258.74,494.94 199.77,153.1
M153.9,288.98 Q403.95,233.61 166.26,448.38 L428.82,77.02 L23.22,319.44 L449.75,206.23
M247.24,278.35 Q160.48,346.58 243.08,179.67 Q202.75,164.9 83.79,315.9 C45.89,87.14 13.19,403.24 63.95,201.58 C452.85,369.11 421.99,220.33 159.25,186.18 C409.73,312.51 390.95,307.49 209.76,116.96 L270.55,241.81
M464.0,86.51 L154.94,335.42 L85.55,93.54 L492.64,85.85 L61.38,236.28
M222.57,147.04 Q329.91,193.35 39.27,329.71 Q145.39,413.26 153.47,373.13 L330.82,470.89 L117.41,299.56 L15.09,16.71 C81.53,381.47 277.83,215.7 180.5,350.05 C52.74,16.02 498.91,311.99 375.82,463.11 C10.93,459.9 85.28,5.32 433.85,423.66 Z
M238.08,315.11 Q460.01,8.43 493.81,352.06 Q402.0,401.55 100.68,409.71 Q326.48,73.72 430.67,220.02 C41.83,339.73 2.67,31.91 52.71,22.86
M207.37,143.85 L229.23,221.55 L463.41,412.94 Q36.0,280.46 132.02,327.84 C22.87,56.45 264.17,429.33 398.83,411.94 C68.53,175.27 288.46,183.23 115.33,461.04 C317.6,199.01 238.02,349.8 379.65,389.76
M35.4,217.29 L147.02,489.22 L391.65,47.59 Q234.27,63.98 392.14,34.75 Q83.61,364.09 228.97,252.46 Q264.17,421.45 489.92,185.19 Q440.21,354.99 348.62,488.59 L159.22,241.48 L153.18,145.56 L99.69,460.64
M37.4,383.0 Q133.42,298.18 243.89,139.01 Q444.64,321.9 332.7,143.99 L90.57,341.37 L245.6,122.14 C6.36,324.97 453.65,366.75 80.29,76.36 C185.45,3.28 484.49,382.1 404.26,325.38 C493.39,194.42 20.42,179.01 217.58,404.21 L428.0,174.79 L13.01,302.57 L436.17,303.96
M370.83,470.4 C55.49,289.89 215.93,132.75 430.2,164.7 C486.84,180.63 276.81,387.11 390.87,20.89 C366.77,53.03 171.23,46.69 302.69,97.56 L264.12,212.04 C261.93,350.61 449.08,484.76 294.69,312.94 C296.01,172.99 391.54,61.86 469.53,238.67 C143.29,100.05 213.1,205.88 446.95,127.44 C88.54,398.77 16.28,497.24 192.65,78.39 C120.22,431.21 178.11,176.18 489.69,412.77 C121.18,187.71 229.05,278.16 379.66,190.13 C317.81,423.77 13.79,262.27 50.17,428.84 C286.32,125.19 402.58,105.43 174.7,437.44
M342.12,47.92 L302.56,164.02 C232.41,214.17 218.82,259.72 279.98,404.35 C70.98,496.79 32.17,143.07 98.01,494.52 Z
M454.88,147.04 Q68.18,497.53 77.32,336.97 Q299.01,357.31 205.26,190.04 Q36.28,159.88 137.92,390.41 Q222.92,48.18 15.85,172.99 Q492.36,12.71 225.38,384.56 L401.72,441.95 L413.22,66.91
M161.88,310.01 L491.43,411.08 L499.51,131.68 L27.37,96.9 L12.09,345.87 L182.83,407.78 L323.31,18.44 L303.24,194.24
M36.71,297.18 L349.46,309.89 L153.47,358.88 C488.04,351.46 171.41,189.97 316.82,346.01 L404.51,223.51 L386.2,45.54
M139.91,251.07 C230.48,293.37 243.62,258.95 101.12,55.2 Q389.91,12.7 176.09,211.18 Q276.53,216.76 427.7,468.64
M429.86,257.64 L60.31,154.56 L437.71,466.82 Q220.83,228.36 462.07,223.0 Q251.36,1.51 257.12,63.6 Q411.25,219.21 476.61,210.01 Z
M225.42,218.31 L383.81,336.73 L335.43,236.33 L336.37,441.24 C50.02,346.15 463.46,378.7 137.29,359.99 C332.23,303.33 242.88,204.35 189.11,270.73 C462.79,99.31 98.25,71.77 246.36,298.53 C416.54,8.95 496.68,356.4 35.1,135.12 L45.08,206.6 Q261.21,57.23 476.32,145.96 Q282.66,105.63 122.64,314.5
M185.28,475.09 L26.38,421.04 L140.82,376.3 Q115.52,167.33 150.97,166.38 Q266.35,3.81 206.48,449.8
M399.56,162.95 L411.28,57.53 Q499.85,118.91 277.95,330.56 Q1.21,139.97 417.71,248.58 Q396.22,95.62 498.86,194.28 Q58.65,275.49 130.18,234.83 Q112.8,35.94 422.7,348.62 Q352.13,38.15 419.74,491.04 Q369.85,371.57 424.87,47.46 Q230.62,39.67 390.78,268.99 L222.38,388.42 L276.03,60.74
M407.24,48.01 C435.8,371.7 450.15,327.76 442.6,200.36 C331.64,461.21 235.58,487.67 4.7,459.98 C361.56,173.71 168.74,316.15 351.3,92.89 Q26.93,386.51 97.52,233.1 Q72.88,321.97 262.45,356.6
M72.67,174.76 L122.95,346.19 L175.46,100.27 C358.7,86.36 240.61,344.22 309.26,45.99 C53.17,389.87 243.02,353.99 347.08,359.46 Q39.4,30.62 48.81,57.16 Q92.81,135.62 109.53,349.28 Q233.22,87.93 16.48,330.49 C463.06,73.73 104.06,468.08 136.34,462.95 C499.24,265.33 359.71,78.94 418.53,308.91
M135.75,270.95 C184.54,266.4 187.36,275.05 420.75,496.4 C464.27,469.15 27.19,120.65 473.01,281.43 L310.63,467.72 L115.62,176.67 Z
M252.97,226.64 C192.11,417.26 79.7,225.17 381.47,303.05 C452.94,144.34 178.95,152.37 66.12,37.67 C256.96,148.95 289.93,480.52 497.35,389.31 Q191.96,449.31 116.96,411.98 L223.94,278.72 L479.82,365.77 L419.75,174.67
M72.36,244.95 C484.42,405.99 395.08,340.02 78.29,456.56 C216.74,291.38 49.74,153.59 420.89,62.14 L162.82,174.68 L245.61,242.33 L90.81,0.86 Q151.68,269.38 280.12,357.73 Q220.6,192.13 323.19,453.31 Q330.99,13.31 149.49,481.86 L22.87,403.05 L178.09,340.01
M248.08,428.38 L189.21,24.58 C94.59,154.48 409.32,27.31 76.77,150.66 L393.04,353.6 L464.1,410.65 L390.79,9.93
M365.77,457.03 L2.2,496.73 L159.26,98.32 Q377.14,183.38 75.14,473.5 Q358.64,262.81 199.3,447.56 Q165.1,109.73 330.08,236.7 C74.7,249.85 343.55,267.87 5.89,101.21 Q146.28,56.29 60.51,365.6
M99.79,307.53 L452.59,96.04 L230.61,385.62 Q111.24,188.28 424.7,268.56 Q388.51,293.01 285.66,303.98 Q59.92,341.61 36.14,234.43 C389.99,240.48 113.24,434.03 63.49,343.82 C54.87,473.18 5.66,282.77 250.68,461.04 C20.42,429.57 356.6,477.43 384.75,28.79 L79.1,86.84 L214.26,382.48
M395.76,15.52 Q6.01,34.84 251.12,315.8 Q410.69,408.55 51.31,431.89 Q47.9,409.82 230.22,290.44 L183.13,391.53 L142.44,42.13 L197.22,146.96
M72.98,94.59 C140.43,167.72 271.65,163.89 354.95,61.22 Q138.05,377.43 418.12,256.99 C380.57,100.47 471.41,349.89 476.05,152.83 C209.27,361.78 456.66,216.72 493.49,371.56 C329.0,225.42 341.01,420.23 416.62,335.8 C147.56,464.21 52.49,495.54 416.82,376.68 C314.42,480.16 236.61,477.55 472.29,30.31 C266.72,57.98 356.45,30.48 470.6,99.69
M198.74,94.76 L7.21,384.22 L3.91,170.69 L231.99,112.05 L70.31,86.66 L205.1,334.91 L69.74,81.92
M40.55,303.4 Q172.14,32.34 423.53,167.22 L346.85,167.16 L285.2,85.28 C111.59,292.06 426.61,26.71 162.06,363.96 L237.82,202.57 L138.81,167.86 Z
M101.84,46.35 C293.06,317.2 177.42,225.63 444.18,408.96 C132.36,136.42 37.14,365.77 20.52,339.53 C475.97,423.39 186.33,404.55 65.73,384.85 L339.68,12.35
M41.76,86.19 C80.68,474.6 422.16,371.18 232.72,413.5 C121.84,301.65 185.29,245.22 481.97,108.32 C377.38,383.19 43.71,496.35 224.28,271.73 Q278.62,480.04 174.53,366.51 Q392.13,434.25 345.46,215.98 Q192.17,186.88 443.02,414.09 Z
M210.52,282.46 C132.97,401.86 438.68,381.11 47.23,261.33 C79.45,415.09 39.02,333.96 169.22,21.75 C13.03,442.81 399.94,431.32 79.7,307.45 C241.4,337.53 82.85,59.36 433.26,77.39 C231.5,216.61 205.61,136.46 82.07,89.77 C482.02,436.57 70.88,391.38 189.96,433.81 Q331.52,387.25 49.54,411.08 Q326.09,265.22 172.16,69.51
M456.17,247.17 C176.65,56.81 177.69,86.42 60.95,80.54 C16.49,276.7 59.54,310.85 183.93,453.39 C327.83,385.39 324.32,375.98 470.9,498.35 L147.97,146.4 L106.4,383.98 L460.52,32.01 L459.02,52.55 L40.69,447.83 L140.86,7.41 C281.57,76.94 220.69,445.24 371.74,43.58
M273.4,62.06 Q215.35,8.45 249.1,476.01 Q214.28,417.01 480.01,10.2 L218.0,479.96 L227.25,398.84 L335.78,22.55 Q415.74,130.9 46.12,481.21 Q237.14,499.72 432.47,405.77 Q215.38,315.44 20.02,480.99 Z
M380.08,256.91 C391.81,432.16 473.48,14.34 402.96,300.57 C315.41,403.65 22.42,361.06 304.32,314.58 C54.69,140.18 397.84,186.99 89.41,195.8 Q89.73,198.32 126.91,329.17 Q55.46,49.06 179.95,321.74 Q152.99,12.14 344.19,265.41 Q463.84,98.88 304.92,190.27 Q448.43,390.98 40.89,14.89
M185.3,453.81 Q48.0,170.43 23.06,443.33 L321.65,43.47 L497.15,178.56 L403.96,422.04 L239.12,272.18 L222.55,121.76 Q454.19,440.61 399.55,256.18 Q14.13,30.52 218.79,413.19 Q186.22,490.35 294.46,56.97 C489.36,281.94 129.51,343.09 463.64,389.09 C204.31,297.42 138.0,253.79 415.51,295.37
M97.27,403.04 Q287.17,278.95 20.8,444.12 Q12.99,318.34 235.72,56.57 Q157.64,450.2 91.37,381.41 C88.14,53.65 284.24,64.17 389.74,69.94 L265.94,453.52 L310.53,371.56 L226.4,488.89 L10.38,291.47
M178.2,415.58 Q29.36,236.67 364.09,339.24 Q32.33,248.51 97.96,17.27 C2.01,390.0 445.34,376.43 386.64,167.12 C321.02,347.98 489.41,96.26 411.68,85.87 L250.04,94.12 L309.42,471.89 L106.68,98.08
M201.99,100.04 L124.22,379.94 Q191.53,342.15 269.31,469.19 Q244.64,210.82 306.61,108.35 Q451.0,186.99 194.06,341.18 Z
M72.83,227.46 L196.52,174.87 L253.43,54.99 L60.66,368.36 Q329.41,323.75 102.24,114.85 L70.42,446.43
M290.58,97.38 C233.57,331.74 107.26,110.85 144.26,346.21 C106.19,485.55 35.18,96.64 44.43,384.95 Q235.84,163.01 318.71,201.95 L215.08,152.14 L411.7,340.07 L332.4,441.22 L197.32,189.64 Q202.28,334.47 3.26,232.05
M74.09,307.98 L356.25,303.92 L192.17,308.75 L283.13,21.61 C309.83,259.8 439.73,367.66 188.56,113.42 C64.02,405.1 344.89,304.66 220.87,250.52 C111.01,265.2 72.68,310.55 315.08,335.15 L46.0,166.49 L343.81,254.96 L373.8,215.53 Q453.79,83.5 103.68,294.41
M489.53,228.15 C367.44,107.45 39.02,301.37 60.96,191.11 C444.85,436.08 59.34,41.12 111.24,414.05 C12.36,112.59 53.62,63.82 261.71,91.72 Q290.38,336.38 113.29,328.63 Q385.68,308.78 43.04,101.28 Q109.27,346.67 254.95,412.84 C453.38,378.88 264.12,401.66 229.81,96.56 C261.74,20.71 416.4,65.58 256.41,459.77 Q48.34,406.47 349.79,45.03 Q242.58,497.93 493.43,281.65 L191.66,10.0 L238.67,310.4 L190.71,364.61 Z
M479.98,435.93 C195.51,3.37 62.56,408.85 456.24,52.47 L38.17,376.75
M439.05,174.56 L156.11,384.16 Q81.89,174.15 375.61,73.78 Q329.63,175.63 84.52,215.06
M355.34,450.55 L471.03,410.5 L28.34,403.16 L402.25,93.85 Q218.38,370.18 141.44,111.4 Q234.06,356.28 324.19,90.66 Q175.76,144.0 165.43,432.5 Q69.99,42.68 46.51,160.44 C394.78,186.73 343.92,155.27 125.8,223.54 L445.68,245.52 Z
M123.24,290.64 C212.64,381.6 478.48,212.28 271.99,61.96 C147.81,17.37 329.77,462.76 422.65,95.17 C453.48,96.81 76.65,267.3 122.08,56.67 L246.5,76.68 Q121.56,211.22 427.86,117.74
M65.26,407.82 C364.14,189.07 485.01,149.72 90.17,355.59 C158.88,55.98 42.33,279.73 211.15,266.75 C106.56,439.78 306.43,456.5 372.83,282.09 C494.54,16.93 403.79,165.9 325.01,118.58 C106.91,11.63 34.38,458.82 384.17,281.92 C492.14,93.26 169.58,346.35 366.64,5.27 L298.83,275.87 L395.77,395.13
M139.79,229.64 C50.75,251.11 478.19,281.34 259.44,394.97 Q137.59,419.48 83.54,444.63 Q441.77,274.05 258.18,32.83 Q86.64,386.23 364.37,311.18 L362.09,494.64 L435.99,332.83 L222.79,211.86 Z
M467.13,194.02 C205.73,356.76 319.04,344.42 272.16,250.6 C58.15,257.32 40.43,221.02 6.5,446.13
M413.59,106.38 Q97.1,208.49 405.83,314.87 Q348.96,279.54 91.66,231.5 Q138.87,110.39 358.1,451.28 Q175.12,402.02 156.57,380.2 Q119.39,284.36 203.72,435.46 C146.57,169.42 445.95,170.38 439.69,250.14
M240.62,333.04 C349.72,451.13 375.91,81.29 110.46,227.4 C195.06,481.48 364.36,234.19 175.77,113.69 C461.93,83.67 226.14,172.36 304.75,127.11 C32.63,338.25 153.49,323.55 453.66,290.93 C456.15,401.3 31.62,122.68 331.15,239.16 Z
M15.28,433.81 C8.94,274.97 119.34,440.88 426.77,150.83 C299.26,247.46 140.74,216.54 197.37,233.72 Q426.18,260.2 86.73,308.76 Q109.89,133.87 246.97,231.36 Q138.21,334.27 340.95,96.66 L222.66,17.1 C151.48,426.42 416.31,76.8 457.43,83.88 C235.84,41.78 47.5,331.93 419.96,56.12 C163.64,305.52 297.0,69.69 347.04,52.65
M120.47,48.94 C313.14,23.86 259.33,265.32 258.63,290.82 C168.88,53.15 488.84,447.2 231.23,55.24 C375.81,485.38 150.72,184.79 434.49,374.95 Q230.0,239.64 316.21,111.91 Q411.73,281.57 467.46,342.54 Q449.03,485.24 433.68,287.98
M447.95,98.47 L56.12,377.15 L429.0,495.72 L339.23,320.0 C241.41,273.5 71.78,20.88 434.21,400.86 C482.41,370.09 293.63,82.56 434.48,264.55 L414.88,346.49 L7.51,101.07 L164.71,123.59 C138.45,445.77 126.58,494.85 429.2,275.13 C95.95,336.39 171.22,436.58 297.56,480.28 C201.28,370.96 338.62,374.07 474.04,94.14
M410.68,299.9 C4.36,323.13 368.81,240.36 241.92,122.97 C203.92,291.77 432.65,286.44 225.98,157.59 C248.11,482.52 404.64,52.6 201.88,85.07 C269.78,74.19 277.51,256.31 311.05,282.15 C498.61,407.24 436.29,20.03 400.31,2.39 C342.07,343.02 116.51,371.19 460.64,51.02
M120.05,82.2 Q279.27,350.87 357.97,473.91 Q228.4,327.91 64.03,187.35 Q33.51,218.07 320.81,207.22 L212.41,91.16 L370.75,458.5 L71.06,363.29 Q443.22,86.35 56.22,451.8 Q311.26,10.83 105.02,166.47
M355.49,91.27 L181.14,384.03 L151.88,442.9 L303.91,253.91 C284.65,258.43 406.55,342.67 256.99,2.85 C104.61,66.03 439.19,479.41 188.58,377.51 L424.07,30.99 L411.06,321.32 L438.2,382.28 Q43.06,95.14 428.45,334.39 Q0.52,385.45 39.5,3.61
M463.16,89.91 C489.1,276.62 216.35,39.65 214.04,481.95 C495.28,126.55 405.57,105.46 291.55,202.72 C127.93,215.23 366.21,338.9 169.79,65.3 L259.46,246.48 L208.24,53.92 L118.1,485.95 Q267.79,469.73 299.26,92.26 Q31.33,84.78 55.31,89.09 Z
M257.47,94.32 C294.83,470.21 45.62,396.43 111.57,125.59 C160.56,369.74 470.67,353.12 158.4,64.23 C143.22,108.77 251.12,254.4 57.8,104.39 L14.77,2.16 L475.03,439.1 L197.45,448.61 C448.59,419.84 478.84,405.15 190.09,2.04 C196.41,366.96 361.42,356.75 106.96,191.61 C240.21,129.17 344.83,140.54 497.12,189.46 C251.06,401.83 175.87,450.56 276.43,270.98 Z
M43.65,291.9 Q457.33,307.24 261.26,469.08 Q142.84,424.3 211.07,338.01 Q484.33,403.38 302.35,402.78 L214.3,429.79 L376.5,225.56 L173.56,214.87 L468.45,323.97 L264.87,91.03
M255.01,298.5 Q364.87,380.51 229.05,417.77 C80.14,151.69 358.21,120.84 198.9,363.23 C471.67,385.82 140.15,402.85 37.06,403.8 C59.74,319.79 309.6,261.73 455.97,452.8 Q19.64,433.21 157.35,218.46 Q73.79,183.96 35.95,41.42 Q484.67,11.03 97.92,237.5 Q242.28,102.26 333.26,309.39 Q230.67,240.54 166.87,346.39 L222.31,481.85
M26.18,43.59 Q53.85,450.6 19.08,268.1 Q166.1,426.04 79.83,168.61 Q122.58,0.84 218.14,43.81 Q298.8,34.94 157.73,224.16 Q452.7,46.38 71.09,395.04 Z
M480.39,274.13 L208.09,393.77 L82.74,484.02 L407.76,10.88 Q212.79,114.6 50.66,158.03 Q70.9,95.61 431.99,178.22 Q147.67,199.33 53.03,450.06 C331.08,494.25 56.04,284.23 239.6,384.33 C303.4,222.64 65.98,266.6 395.73,474.04 C227.6,256.26 400.48,223.81 202.25,368.12 C465.3,86.45 265.62,30.82 469.01,117.55 C262.32,346.56 234.94,236.07 236.21,289.71
M450.03,111.27 C283.6,90.68 75.39,153.01 315.92,37.68 C319.85,234.77 334.38,208.41 50.07,128.76 L449.85,433.58 L466.89,451.69 Z
M286.29,289.03 Q322.56,235.92 236.41,78.52 L243.42,371.06 L148.21,70.69 L100.15,248.98 L203.48,139.5 L244.78,480.97 C150.89,87.62 316.34,200.02 122.27,210.97 L102.47,489.1 L274.67,346.21 Z
M22.29,311.95 C11.78,134.1 101.51,113.36 337.38,434.65 Q475.69,156.36 480.44,353.02 Q62.15,461.25 53.75,44.95 C488.06,10.82 475.47,366.31 355.62,186.29 C188.43,141.45 252.87,127.75 48.37,185.15 Z
M470.02,118.32 C67.02,14.39 77.1,318.99 125.81,334.09 C356.56,277.44 33.24,56.12 145.47,185.95 C220.58,82.78 199.74,459.05 420.22,162.25 C160.27,174.04 339.21,421.35 98.68,282.97 C1.28,281.4 33.13,287.52 133.05,381.9 Q368.53,283.81 170.53,400.58 Q201.35,70.54 3.72,224.18 Z
M293.05,391.01 Q442.18,444.18 477.56,315.43 Q55.94,274.23 68.3,393.77 C390.86,69.21 365.0,397.32 67.05,51.96 L374.49,397.84 L499.69,450.02 Z
M259.89,136.66 C398.86,323.62 10.97,120.01 169.2,488.18 C329.15,264.42 335.13,52.74 341.69,326.68 C104.72,179.49 207.07,478.07 185.5,13.79 Q170.18,362.86 489.81,196.75 Q331.79,273.77 274.04,268.93 L465.44,64.78 L427.46,57.9 L77.45,75.06 Z
M157.72,384.93 L143.41,195.24 L447.84,174.05 C354.97,111.07 345.42,341.46 482.99,488.8 C473.29,272.05 361.36,451.26 363.33,392.76 L216.85,370.55 L32.97,365.76 L384.5,132.21 C408.36,388.17 82.8,453.49 299.26,61.05
M206.21,203.86 L153.55,424.29 C124.08,224.91 101.42,226.39 329.12,486.08 L330.58,474.95 L248.67,455.18 L448.78,398.93 C397.64,191.05 478.07,445.29 97.94,397.51 C274.08,302.11 400.63,336.62 334.44,441.12 C75.88,33.93 143.21,179.41 65.61,21.26 Q388.84,228.3 436.01,294.73
M246.92,241.18 C440.89,346.81 371.07,436.59 16.15,40.45 C140.63,459.89 485.04,109.29 188.36,211.53 L429.53,496.28 L454.17,203.48
M242.06,99.38 C373.06,417.83 13.44,381.51 55.22,194.0 C245.26,124.51 272.89,227.82 15.24,143.68 C258.14,395.23 362.77,137.84 453.11,373.28 C131.25,436.49 460.23,190.86 356.2,459.59 C460.23,332.13 332.57,70.33 417.85,362.82 C260.9,427.95 409.5,476.44 365.05,251.46 C33.07,111.41 346.89,351.79 484.26,88.7
M334.77,312.73 C243.95,410.45 60.34,141.46 296.64,76.24 C318.13,180.57 419.68,135.9 418.74,466.57 Q138.38,96.28 1.16,494.46 Q473.35,39.82 131.73,380.75 C38.48,384.15 484.99,41.16 408.06,90.73 C396.52,408.26 284.38,25.93 457.32,321.62
M287.86,264.05 Q382.15,211.35 69.94,318.73 Q23.34,497.57 352.59,26.16 L393.22,309.96 L202.93,408.91 L390.16,36.07 C272.57,380.5 371.61,20.95 339.06,489.77 C163.76,154.81 125.98,211.98 49.88,378.19 C288.41,195.94 358.77,396.59 293.89,455.37 C409.32,116.22 270.1,291.61 284.81,498.5
M36.18,205.05 L244.17,5.05 Q161.07,198.84 415.26,236.69 Q496.36,259.91 164.86,304.76 Q334.99,344.23 238.87,180.17 Q429.89,480.75 400.67,159.5 L199.8,33.54 L178.63,255.24 L98.82,298.59 C275.18,352.57 19.3,392.98 49.42,258.43 C404.07,1.58 359.42,424.2 123.42,452.23 C471.53,66.87 372.02,416.1 115.29,389.91 Z
M96.72,225.05 C104.12,431.24 123.89,73.13 221.52,170.52 C358.86,471.78 480.91,349.45 244.19,453.01 C67.31,112.02 440.23,10.32 319.85,185.19 L74.44,129.07 Q66.75,494.45 200.19,262.46 Q357.27,264.61 296.06,416.26 Q357.55,442.61 393.58,323.26 C14.65,482.26 238.79,17.6 410.87,385.7
M0.76,347.49 C445.58,470.15 328.38,374.42 273.59,262.9 C444.43,379.5 174.9,459.9 74.54,413.13 C425.63,135.73 114.1,148.61 245.69,158.0 L93.07,435.86 L266.84,31.61 L54.32,127.26 C0.32,225.7 387.91,23.61 289.49,32.72 C295.16,369.06 202.48,193.03 294.48,142.03
M385.8,47.51 Q265.86,26.57 361.18,7.53 L190.87,318.16 L155.45,24.75 L87.02,301.94 C347.31,460.62 28.04,276.65 197.9,245.63 C354.19,328.26 72.46,433.85 329.84,374.5 C331.04,478.38 403.68,238.22 107.47,121.4 Z
M258.66,15.09 Q286.82,231.15 462.55,325.49 L490.17,171.42 L119.36,257.71 L309.34,241.84 C78.66,172.25 284.99,304.22 271.46,237.26 Q239.47,208.83 258.81,111.29 Q183.54,20.05 301.52,249.34 C218.77,50.1 142.08,162.16 312.65,421.49 C233.3,199.29 179.99,288.19 343.89,263.1 C133.11,415.88 22.38,157.88 7.42,134.06
M291.29,340.1 Q243.02,172.66 416.84,130.95 L85.87,278.76 L434.22,268.57 Z
M453.19,425.7 L113.04,122.26 C247.47,286.02 380.98,293.24 420.61,49.96 C303.7,479.4 318.68,56.71 432.39,484.59 Q231.42,213.55 46.7,304.51 Q160.44,97.72 318.2,423.91
M224.13,227.2 C404.96,44.4 204.81,293.82 232.8,67.09 Q233.91,463.65 446.14,128.23 C22.94,340.25 264.85,101.65 118.79,322.87 C205.5,42.97 215.81,299.01 377.4,300.57
M435.24,403.04 C220.68,331.97 366.7,325.3 494.5,360.58 Q255.59,56.21 415.37,29.94 Q158.7,222.21 303.65,138.63 Q199.86,93.05 161.42,256.4 L497.47,286.0 Z
M66.67,311.66 L281.87,449.15 Q107.15,329.85 152.47,267.88 Q490.03,469.36 37.01,19.09 Q196.34,65.71 219.37,299.6 Q427.42,450.26 499.55,193.98 Q168.85,222.68 239.32,174.78 Q290.56,73.66 330.25,286.11 Z
M302.62,74.4 Q306.86,91.39 437.99,441.93 Q497.0,497.03 207.16,230.04 L176.0,425.74 L406.15,172.27
M201.75,318.02 L202.94,174.84 L136.35,97.12 L316.38,477.45 C288.24,110.68 159.92,304.7 188.72,401.66 C150.15,129.76 15.2,165.38 314.89,92.24 C36.01,133.33 124.83,353.7 314.63,319.12 C189.31,421.46 183.42,477.78 1.6,210.03
M35.55,125.86 L27.48,401.62 C200.04,30.62 402.76,93.99 68.44,192.83 Z
M411.9,447.6 L151.93,239.15 L45.88,372.06 L166.49,370.19 Q25.62,412.74 69.65,415.5 Q245.19,474.12 339.98,240.54 L28.14,400.43 C398.02,346.73 315.94,230.79 289.98,497.71
M353.29,422.99 C361.94,176.04 141.12,184.75 58.05,244.72 C36.92,53.53 201.21,144.04 91.68,183.26 C60.16,76.95 434.28,364.94 87.69,169.1 L259.95,51.3 L395.75,150.87 C252.79,282.83 234.14,69.87 170.15,400.4 C290.51,319.17 406.71,62.36 395.22,205.98 C216.64,488.44 291.7,358.83 399.42,339.12 C221.0,23.49 342.39,410.42 99.43,100.94 C410.29,343.83 0.48,191.21 344.79,446.61 C242.6,357.22 356.6,177.27 65.54,465.29 Q137.72,494.22 52.0,58.98 Q312.19,486.61 256.66,134.18 Q131.23,478.54 44.9,251.11 Z
M488.83,195.73 L485.8,399.19 L312.34,451.7 C12.94,379.92 301.38,431.11 123.01,488.41 C147.29,273.05 16.25,151.68 376.07,161.66 Q467.76,457.07 340.08,217.99 Q410.53,467.05 44.49,61.47 L196.33,4.32
M496.68,37.83 Q425.77,447.83 283.08,298.77 Q419.77,487.8 443.1,406.08 Q255.6,158.01 329.24,450.07 L210.6,329.64
M101.57,461.08 Q415.47,221.86 2.64,225.82 Q393.55,213.12 325.61,291.37 L381.96,223.36 L403.19,30.86 L193.7,270.26 C234.33,298.27 131.52,147.64 378.49,176.3 C371.21,53.36 280.11,241.53 18.81,257.68 L27.46,161.89
M290.44,269.69 Q387.61,208.21 267.58,405.11 Q289.61,137.55 96.07,482.83 Q31.09,11.78 263.63,89.15 L48.81,32.16 L16.36,310.03 L116.09,40.31 Q30.65,292.51 108.74,50.05 Q56.63,260.67 276.25,240.37 Q426.56,2.38 467.67,396.42 Q89.39,355.61 253.36,201.2 C56.28,425.54 180.4,470.44 348.29,103.81 C118.9,228.27 498.92,52.86 333.47,308.32
M243.89,444.47 L75.98,479.02 L435.47,442.35 C222.7,164.1 75.66,77.66 7.12,471.81 C267.95,190.83 446.91,476.79 404.96,174.86 C147.22,180.55 320.39,292.87 250.23,226.74 L12.69,124.8 L34.96,398.19 Q142.77,176.65 218.55,414.68 Q213.75,284.9 289.9,37.2 C10.03,365.28 483.24,319.37 262.29,64.57 C454.55,192.26 188.57,256.64 382.25,424.01 C166.33,191.59 326.83,342.95 306.72,149.33
M305.82,112.4 L174.7,115.68 L89.36,368.4 L455.03,360.83 Q190.12,148.48 343.47,51.07 Q237.71,84.62 428.64,323.54 C165.41,169.29 466.32,285.85 297.03,121.45
M342.13,497.75 L209.23,385.48 Q230.99,19.75 413.01,2.63 Q140.79,28.33 431.23,327.03 Q407.9,137.4 102.95,415.86 Q118.67,194.5 272.7,372.02 Q455.24,81.69 415.48,344.66 Q475.25,473.94 277.92,51.79 Q151.14,167.83 342.42,479.12 Q118.94,125.88 430.41,152.21 Q479.61,336.88 317.6,400.99
M197.26,336.27 L420.55,311.66 L10.17,357.58 L189.58,17.45 C109.7,203.52 146.64,331.08 158.5,13.25 C289.17,105.63 248.64,317.76 45.54,339.79
M61.27,171.59 L175.73,445.14 L246.37,453.73 L106.37,214.67 L410.95,165.32 L114.32,216.37 C227.17,416.47 403.08,476.7 469.56,340.05 C10.44,309.86 463.91,90.61 369.43,337.83 L74.88,205.66 Q344.33,1.67 292.54,184.98 Q476.81,270.72 382.99,398.51 Q293.15,105.64 24.57,310.31
M259.11,275.17 L295.08,17.12 L462.35,367.06 L240.52,364.56 Q29.33,417.92 480.75,299.12 Q355.75,2.16 5.91,392.91 Q130.34,137.85 453.46,322.37 C234.71,374.16 463.2,232.09 130.75,76.84 C23.7,245.28 116.46,133.97 272.35,203.99 Z
M26.85,451.47 L101.24,249.74 L305.51,495.78 L147.44,229.82 L210.84,159.02 C228.63,8.57 408.74,416.5 35.34,206.6 L457.29,477.6 C251.58,476.72 311.54,224.14 126.87,280.4
M270.71,228.55 C246.36,448.58 142.39,176.21 181.66,68.74 L28.94,34.29 L74.43,481.36 L366.78,393.04 L270.17,305.46 L142.69,78.8 C329.17,72.15 32.41,312.8 242.5,160.65 C473.89,122.87 289.17,11.05 444.44,256.66 C406.09,412.55 363.39,36.4 82.17,60.16 L497.17,404.43 L496.75,196.2 L344.44,274.22
M47.67,150.52 Q244.72,192.19 42.88,199.0 Q414.02,293.05 77.21,153.21 C414.4,301.1 37.46,494.83 276.95,354.15 C382.9,31.12 349.92,349.63 60.9,408.02 C264.58,97.86 416.69,42.65 17.48,97.21 L328.1,443.07
M8.41,480.91 Q246.84,469.85 214.61,441.16 Q241.99,393.53 99.21,337.22 Q399.0,63.45 410.13,482.59 Q25.78,214.92 262.85,316.01 L330.77,442.16 L303.0,132.67 L139.44,417.85 L465.72,92.65 L452.61,304.4 L187.73,74.58
M89.36,301.62 Q163.46,17.53 371.8,470.96 Q400.47,467.59 367.68,249.6 Q48.06,406.56 193.2,0.82 Q81.77,291.35 108.7,301.2 Z
M114.41,43.94 Q483.4,384.35 361.16,406.33 Q259.55,463.28 306.46,246.92 L441.12,56.7 L459.93,205.19 L475.42,341.23 L424.65,35.27 L366.06,207.69 L470.21,11.97 L224.57,161.66 Z
M372.78,258.52 Q110.81,95.02 431.71,256.24 Q109.07,308.3 191.82,418.68 Q58.53,265.38 172.98,294.86 Q84.66,433.24 277.0,413.37 Q2.52,160.57 95.12,381.77 Q8.92,210.85 141.02,75.37 Q203.45,206.66 268.18,275.61 Q332.77,431.26 124.67,218.61
M127.76,312.36 C61.44,395.04 172.41,375.68 134.65,282.98 C414.19,301.3 64.13,348.97 114.69,70.46 C394.29,103.51 150.61,22.93 438.09,286.74 Q229.24,262.11 186.91,367.55
M393.7,454.95 C157.3,121.11 132.72,60.81 398.13,7.52 C453.53,152.1 249.42,258.82 287.31,3.14 Q88.25,232.0 88.72,86.94 Q1.18,221.39 7.2,229.93 C54.77,289.81 119.61,377.29 165.73,187.31 C365.73,252.63 16.83,168.03 12.81,262.66 C278.38,251.01 78.98,499.5 116.79,110.87 Z
M390.78,280.91 Q498.35,412.98 231.12,338.06 Q160.75,87.15 69.08,459.27 Q432.08,489.18 417.35,382.29
M176.26,106.99 Q24.45,195.45 280.8,412.31 Q104.85,370.39 421.35,220.29 Q149.76,439.79 407.1,0.16 C417.57,263.23 135.65,169.6 123.22,206.53 L239.84,353.52 L289.51,316.8 L269.92,150.02
M162.06,334.3 C297.35,444.24 122.39,361.33 0.02,348.74 C75.11,225.86 76.34,416.33 341.27,366.12 C38.05,283.91 449.48,226.98 72.76,192.92 Q153.16,138.65 188.09,2.71
M402.05,221.09 L179.78,112.62 L120.94,448.01 Q327.63,187.22 283.92,341.22 Q349.52,299.63 348.77,332.68 L389.57,58.14 L274.11,30.87 L222.02,133.88 Q338.08,31.0 311.99,408.47 Q18.53,118.85 87.57,222.67 L249.1,18.58 L459.29,232.57 L204.86,470.83 Z
M221.98,25.91 C400.47,251.43 495.28,297.4 37.13,256.19 C242.58,387.22 137.21,371.6 90.56,427.1 C273.29,151.54 245.14,278.98 220.77,379.48 C232.99,300.38 236.1,465.54 54.57,284.46 L173.18,17.65 L96.74,366.4 L394.45,193.16
M14.85,383.72 L415.36,192.44 Q325.4,241.69 3.35,15.07 Q307.26,178.61 237.41,132.13 Q163.51,318.63 212.14,484.3 L225.41,117.11 C212.8,417.96 141.71,228.51 164.55,272.12 C203.67,19.46 126.75,219.64 32.3,462.38 C61.54,30.82 277.18,182.48 255.07,151.06
M483.92,249.27 C354.79,404.27 21.66,414.69 419.9,297.02 C369.27,137.08 45.02,61.05 407.89,347.64 C179.22,204.51 184.64,493.4 228.93,406.94
M474.31,478.22 Q120.87,481.15 459.81,242.07 Q141.97,39.63 225.23,389.32 Q276.74,470.98 137.85,119.06 L252.73,191.49 L56.74,328.69 L371.95,58.98 Z
M450.75,99.09 L459.71,152.18 L404.77,486.58 L110.09,282.97 L149.91,273.97
M72.12,337.19 C61.0,253.09 123.33,18.39 59.94,325.44 C67.32,55.52 91.28,203.28 237.01,325.93 C134.86,13.91 116.98,421.54 201.35,132.46 C252.67,281.63 214.33,150.72 40.05,180.73 C110.09,173.91 401.16,350.4 118.62,485.58 C16.1,346.23 335.55,456.71 198.49,105.67
M290.47,52.66 Q417.81,376.05 376.79,115.74 Q228.16,417.55 33.92,472.15 L182.13,141.64 L460.32,195.13 Q459.97,498.49 393.46,230.29 Q275.64,488.73 352.32,425.19 Q328.29,113.27 386.63,315.3 Q72.36,344.08 495.8,499.94 Q418.56,346.08 60.27,498.54 Q271.77,46.55 125.21,370.53
M226.03,116.73 Q447.64,38.66 356.07,15.96 Q253.41,346.51 137.71,46.87 Q365.05,329.87 78.1,459.15 C274.41,267.51 415.05,9.91 314.69,258.56 C251.73,160.8 440.04,250.67 176.57,246.78 Z
M53.97,373.72 L150.97,109.82 L408.68,259.7 L322.74,447.37 L312.37,349.7 L482.37,459.76
M137.96,120.25 C166.63,405.02 451.27,470.98 309.3,463.57 C422.59,292.81 3.92,255.12 167.51,179.06 L162.01,323.4 L462.2,384.73 L269.55,250.19
M450.11,402.38 L149.38,296.26 Q200.74,0.73 290.75,455.99 Q423.05,132.41 452.63,13.37 Q318.5,104.03 430.47,129.93
M171.15,207.3 C497.96,236.42 60.39,3.53 398.18,278.4 C221.37,20.86 196.57,338.31 67.29,421.6 L487.03,316.64 L146.06,31.33 L55.59,55.56 C85.07,299.71 330.04,316.33 2.46,274.98 C136.34,30.32 121.36,74.92 376.91,145.82 C33.37,197.04 322.4,258.65 407.2,121.58 C251.1,387.53 256.14,275.87 61.26,50.77 C455.62,114.61 161.27,209.31 55.67,138.44 Q494.92,402.72 380.48,405.52 Q28.89,475.61 150.47,162.53 Z
M175.62,237.68 C291.06,12.15 290.2,122.91 367.56,495.18 L224.87,109.51 L165.69,126.63 L428.03,362.18 C223.98,463.34 469.56,335.61 259.3,195.87 C297.4,78.99 422.08,321.12 354.09,480.74
M394.83,421.19 L457.42,120.71 L345.16,195.92 Q132.89,57.39 12.76,254.37 Q249.77,171.92 123.2,413.38 L200.63,254.66 L334.06,339.69 Z
M241.72,372.04 L274.92,479.83 L367.3,264.22 L341.04,286.21 L144.83,200.6 L50.04,290.01
M37.29,375.88 Q111.25,197.12 37.06,42.71 C27.82,467.86 34.82,374.81 344.96,199.18 C24.01,423.89 372.07,104.6 346.82,430.22 C241.57,432.67 282.58,274.43 262.01,166.38 C188.47,292.5 195.84,440.15 426.19,284.61
M379.59,393.53 C72.49,201.53 319.74,239.62 307.78,450.11 C202.86,182.72 184.3,362.77 313.41,415.33 C11.92,256.2 401.17,435.12 148.12,183.51 L180.11,396.26 C339.88,311.8 80.98,254.3 161.77,306.71 C231.18,230.36 262.84,174.49 390.95,73.61 C424.83,249.87 191.02,183.27 7.34,154.72 L336.41,340.1
M186.67,149.68 Q471.77,167.04 213.11,340.84 Q185.73,385.63 482.7,92.19 L226.81,393.1 L446.74,170.47 Q350.45,315.17 427.36,114.08 Q496.01,437.1 99.25,112.23 L180.1,112.15 L202.64,353.39 L368.37,346.95 Z
M280.9,443.08 L279.09,263.02 L113.13,155.95 Q332.89,374.39 300.18,468.66 Q403.8,243.86 278.8,328.75 Q277.54,406.89 279.25,481.17 L355.77,141.5 L381.74,391.14
M407.45,33.61 L193.37,125.87 L413.34,369.12 Q215.25,204.61 71.54,53.78 Q84.12,208.69 388.8,283.33 Q273.9,322.48 465.81,403.56 Q488.75,106.22 447.51,200.89 Q229.13,221.19 109.75,466.74 L476.94,171.46 L211.16,458.24 L277.56,131.21
M297.76,21.07 L424.57,104.22 L39.9,150.7 L281.27,99.17 Q118.08,274.55 465.16,389.1 Q73.47,455.09 117.96,47.87 C451.06,27.11 323.81,346.8 426.34,67.9
M324.7,355.54 C397.24,104.55 211.76,324.03 400.0,410.87 C252.19,299.3 497.76,277.34 306.0,353.59 Q214.07,481.43 359.76,488.9 Q274.49,363.89 85.63,345.64 Q206.93,359.16 192.18,92.18 Q314.95,450.93 272.49,94.58 Q328.5,373.88 300.22,69.9 Q296.12,475.09 236.08,429.3 C223.86,266.62 35.89,399.52 196.41,161.19 C17.84,249.28 215.82,28.51 357.71,198.91 C361.46,117.78 382.76,367.11 283.34,123.81
M269.94,66.27 L93.81,58.65 L290.74,227.99 L468.06,477.63 Q336.98,84.56 292.57,245.0 Q275.68,297.37 240.49,358.38 Q121.27,119.8 419.14,320.09 Q95.53,402.32 263.97,437.94 Q396.27,486.41 340.55,405.85 Q433.12,180.24 141.67,344.22 Q156.18,211.34 294.55,284.65 Q451.46,478.64 328.75,389.28
M26.49,355.74 L372.03,239.17 L26.52,145.46 L215.91,453.52 L244.09,451.03 L377.38,169.73 L162.88,310.13 L28.15,297.62 L110.47,272.42 L253.38,218.72 Z
M172.12,196.61 Q356.42,5.86 347.2,175.0 Q119.35,286.68 384.82,188.62 Q260.14,393.69 348.24,246.15 L72.5,345.45 L261.25,442.09 C218.42,393.48 190.58,94.97 406.36,147.23 C399.07,487.22 321.12,274.76 376.28,277.89 L213.93,286.96 Z
